LCS 1
1 01361U 65034A   25001.50000000  .00000123  00000-0  12345-3 0  9990
2 01361  32.1234  45.6789 0012345  78.9012 281.1234 14.12345678123456
LCS 1
1 01361U 65034A   25002.50000000  .00000124  00000-0  12346-3 0  9991
2 01361  32.1235  45.6790 0012346  78.9013 281.1235 14.12345679123457
LCS 1
1 01361U 65034A   25003.50000000  .00000125  00000-0  12347-3 0  9992
2 01361  32.1236  45.6791 0012347  78.9014 281.1236 14.12345680123458
LCS 1
1 01361U 65034A   25004.50000000  .00000126  00000-0  12348-3 0  9993
2 01361  32.1237  45.6792 0012348  78.9015 281.1237 14.12345681123459
LCS 1
1 01361U 65034A   25005.50000000  .00000127  00000-0  12349-3 0  9994
2 01361  32.1238  45.6793 0012349  78.9016 281.1238 14.12345682123460
